167
4 35 93 97 190
4 197 252 286 369
4 420 423 441 28
4 196 333 300 33
4 165 482 326 47
4 12 315 1 21
4 14 330 279 421
4 322 299 306 454
4 256 358 414 492
4 7 189 154 334
4 17 352 86 212
4 266 64 182 141
4 156 495 120 337
4 319 158 443 410
4 462 73 213 484
4 11 301 170 72
4 463 452 210 264
4 329 350 451 155
4 486 0 234 221
4 52 298 111 166
4 48 38 371 434
4 261 113 376 310
4 475 448 108 20
4 5 273 405 15
4 498 396 445 240
4 324 433 193 19
4 320 356 367 387
4 430 385 208 219
4 249 236 288 175
4 455 187 61 277
4 231 199 360 439
4 271 473 499 292
4 147 409 181 34
4 60 258 419 311
4 218 159 117 394
4 177 412 429 353
4 123 472 71 362
4 31 345 449 139
4 294 397 437 302
4 474 90 3 23
4 65 400 225 235
4 438 8 163 276
4 364 391 431 121
4 149 180 424 442
4 444 203 192 230
4 348 388 407 328
4 392 99 214 278
4 18 422 459 268
4 336 6 13 188
4 403 263 10 497
4 55 91 283 467
4 105 242 89 351
4 427 201 384 399
4 447 24 162 375
4 136 25 41 79
3 115 116 32
3 80 185 274
3 282 124 164
3 468 56 69
3 259 289 27
3 59 251 401
3 81 204 247
3 198 395 490
3 44 78 280
3 285 460 36
3 46 54 104
3 186 217 347
3 411 95 106
3 114 128 138
3 148 237 245
3 307 339 152
3 174 295 100
3 119 132 325
3 200 207 284
3 359 365 377
3 390 153 363
3 172 160 16
3 45 50 361
3 461 40 76
3 373 453 66
3 129 269 107
3 109 304 29
3 244 22 70
3 112 151 233
3 379 92 332
3 26 144 226
3 254 378 425
3 446 101 195
3 341 372 432
3 267 450 494
3 4 39 77
3 85 118 126
3 130 131 135
3 161 169 183
3 228 232 238
3 257 262 270
3 275 281 313
3 314 316 323
3 335 340 343
3 355 374 383
3 418 428 465
3 469 470 476
3 496 30 49
3 133 145 179
3 216 220 239
3 243 290 321
3 349 398 413
3 440 466 62
3 67 88 98
3 125 137 206
3 209 211 291
2 296 308
2 386 393
2 404 478
2 487 491
2 37 57
2 87 143
2 168 178
2 184 253
2 293 303
2 317 318
2 338 344
2 346 354
2 389 416
2 471 9
2 42 43
2 53 58
2 75 82
2 122 127
2 222 223
2 227 248
2 366 406
2 435 456
2 483 489
2 74 142
2 173 202
2 241 265
2 297 305
2 309 312
2 342 381
2 382 426
2 458 477
2 481 493
2 102 134
2 140 157
2 167 176
2 215 260
2 331 368
2 408 415
2 417 457
2 485 2
2 51 63
2 68 83
2 84 94
2 96 103
2 110 146
2 150 171
2 191 194
2 205 224
2 229 246
2 250 255
2 272 287
2 327 357
2 370 380
2 402 436
2 464 479
2 480 488
