1628
4 3 6 7 9
4 10 11 17 18
4 28 33 39 44
4 47 49 53 55
4 56 58 59 60
4 62 63 65 67
4 71 82 85 87
4 96 103 110 117
4 120 124 132 137
4 139 142 145 146
4 147 150 151 164
4 171 172 174 177
4 178 188 197 198
4 201 206 208 210
4 211 213 214 236
4 245 251 253 257
4 263 264 278 281
4 283 289 290 296
4 297 301 307 321
4 328 332 333 336
4 358 362 370 371
4 373 384 385 396
4 398 403 404 407
4 421 432 443 446
4 451 453 461 463
4 464 480 489 513
4 520 522 525 529
4 532 534 540 556
4 559 565 586 589
4 590 593 594 597
4 604 622 628 631
4 634 635 636 642
4 645 648 654 656
4 666 674 676 683
4 684 687 688 689
4 706 709 714 717
4 723 727 730 735
4 737 738 745 750
4 752 760 766 767
4 773 774 778 780
4 791 797 818 820
4 834 835 836 839
4 844 846 847 850
4 854 859 864 875
4 876 877 884 887
4 898 900 902 909
4 912 915 916 923
4 924 926 931 936
4 948 954 960 962
4 970 973 976 992
4 995 998 1001 1004
4 1010 1013 1015 1021
4 1023 1037 1040 1049
4 1050 1056 1061 1071
4 1073 1081 1085 1094
4 1096 1101 1114 1115
4 1116 1117 1122 1129
4 1136 1140 1146 1152
4 1154 1159 1160 1164
4 1178 1197 1200 1202
4 1203 1205 1210 1214
4 1224 1228 1231 1233
4 1234 1248 1249 1253
4 1260 1261 1282 1287
4 1311 1322 1332 1336
4 1339 1340 1341 1344
4 1351 1353 1357 1359
4 1361 1364 1372 1378
4 1383 1385 1388 1393
4 1396 1406 1418 1422
4 1423 1427 1429 1430
4 1433 1440 1445 1450
4 1464 1467 1471 1476
4 1483 1484 1487 1491
4 1492 1505 1508 1509
4 1510 1512 1522 1523
4 1524 1526 1529 1533
4 1542 1552 1556 1561
4 1562 1564 1568 1570
4 1571 1584 1587 1589
4 1591 1595 1598 1601
4 1609 1620 1621 1632
4 1636 1642 1648 1671
4 1673 1677 1681 1684
4 1701 1704 1707 1708
4 1711 1712 1713 1714
4 1717 1718 1720 1723
4 1724 1726 1729 1734
4 1735 1737 1740 1742
4 1743 1747 1756 1763
4 1765 1767 1787 1800
4 1810 1812 1817 1819
4 1820 1821 1825 1827
4 1830 1833 1837 1839
4 1845 1847 1851 1853
4 1856 1861 1866 1874
4 1876 1877 1883 1884
4 1888 1889 1895 1912
4 1922 1923 1930 1934
4 1936 1943 1946 1948
4 1952 1955 1963 1965
4 1975 1976 1988 1994
4 1996 1998 2000 2006
4 2007 2008 2009 2020
4 2023 2036 2043 2045
4 2055 2060 2061 2064
4 2070 2080 2081 2085
4 2089 2091 2094 2095
4 2096 2106 2112 2115
4 2117 2123 2124 2125
4 2127 2129 2141 2155
4 2160 2162 2165 2185
4 2190 2196 2203 2212
4 2213 2221 2222 2226
4 2228 2241 2243 2245
4 2246 2254 2259 2260
4 2265 2267 2274 2282
4 2293 2295 2300 2305
4 2308 2309 2313 2320
4 2323 2331 2340 2342
4 2345 2351 2353 2364
4 2368 2375 2381 2389
4 2395 2398 2400 2401
4 2407 2428 2456 2457
4 2459 2461 2462 2475
4 2481 2484 2486 2488
4 2489 2490 2499 2509
4 2516 2535 2536 2538
4 2544 2545 2548 2555
4 2558 2565 2566 2571
4 2572 2573 2575 2584
4 2585 2589 2590 2592
4 2598 2600 2612 2619
4 2627 2628 2642 2647
4 2649 2652 2674 2686
4 2687 2697 2705 2716
4 2718 2723 2726 2727
4 2728 2732 2736 2749
4 2752 2759 2765 2766
4 2776 2783 2795 2798
4 2802 2804 2806 2809
4 2811 2814 2817 2819
4 2828 2836 2843 2848
4 2854 2861 2862 2870
4 2872 2874 2877 2879
4 2887 2905 2907 2912
4 2920 2922 2927 2932
4 2935 2937 2939 2941
4 2944 2952 2957 2962
4 2964 2968 2982 2985
4 2994 2999 3001 3002
4 3015 3022 3024 3028
4 3029 3037 3042 3047
4 3050 3055 3062 3072
4 3083 3087 3089 3092
4 3096 3104 3106 3107
4 3112 3114 3120 3126
4 3132 3134 3135 3137
4 3142 3145 3149 3153
4 3155 3167 3170 3176
4 3196 3214 3223 3228
4 3229 3239 3244 3248
4 3253 3257 3258 3271
4 3272 3273 3276 3278
4 3293 3295 3297 3299
4 3302 3306 3308 3309
4 3323 3337 3352 3356
4 3357 3362 3367 3368
4 3371 3375 3376 3379
4 3420 3422 3437 3443
4 3451 3457 3463 3473
4 3475 3480 3484 3485
4 3496 3498 3499 3505
4 3508 3511 3516 3518
4 3519 3526 3527 3531
4 3540 3542 3544 3553
4 3557 3558 3559 3561
4 3566 3567 3573 3579
4 3582 3583 3593 3595
4 3607 3608 3617 3618
4 3626 3629 3632 3647
4 3648 3654 3655 3656
4 3672 3673 3674 3677
4 3678 3686 3689 3691
4 3692 3697 3704 3708
4 3715 3718 3728 3730
4 3736 3745 3746 3750
4 3757 3760 3765 3769
4 3775 3781 3791 3792
4 3795 3802 3808 3825
4 3828 3830 3834 3839
4 3840 3842 3844 3845
4 3853 3857 3869 3870
4 3877 3882 3885 3889
4 3891 3892 3895 3896
4 3899 3904 3905 3906
4 3912 3913 3914 3924
4 3932 3940 3942 3944
4 3945 3950 3966 3969
4 3973 3978 3980 3983
4 3987 3997 4004 4011
4 4026 4036 4038 4041
4 4043 4044 4054 4055
4 4057 4058 4064 4066
4 4074 4076 4079 4089
4 4090 4091 4093 4100
4 4102 4106 4112 4126
4 4131 4134 4135 4137
4 4139 4141 4147 4150
4 4151 4161 4167 4170
4 4179 4185 4187 4194
4 4200 4202 4222 4230
4 4233 4235 4240 4244
4 4259 4284 4292 4293
4 4307 4318 4320 4322
4 4331 4351 4352 4357
4 4361 4363 4367 4374
4 4375 4381 4386 4390
4 4402 4405 4406 4410
4 4412 4415 4430 4439
4 4442 4449 4452 4469
4 4473 4474 4475 4477
4 4478 4480 4490 4491
4 4495 4496 4498 4506
4 4509 4516 4521 4522
4 4524 4527 4532 4550
4 4551 4555 4557 4559
4 4561 4565 4572 4573
4 4574 4579 4582 4592
4 4600 4604 4607 4611
4 4617 4619 4627 4631
4 4636 4637 4638 4639
4 4644 4649 4650 4655
4 4656 4657 4661 4663
4 4668 4670 4671 4685
4 4690 4692 4695 4696
4 4702 4703 4706 4711
4 4716 4717 4720 4725
4 4727 4731 4766 4771
4 4773 4774 4786 4788
4 4792 4808 4814 4837
4 4847 4848 4857 4859
4 4861 4863 4865 4867
4 4870 4871 4874 4875
4 4879 4883 4884 4886
4 4902 4904 4912 4916
4 4917 4925 4926 4933
4 4940 4946 4951 4953
4 4957 4959 4960 4961
4 4964 4965 4975 4977
4 4983 4989 4990 4995
4 4997 5001 5006 5007
4 5013 5017 5020 5028
4 5035 5042 5044 5046
4 5048 5052 5056 5058
4 5061 5074 5081 5083
4 5085 5086 5090 5094
4 5096 5101 5118 5121
4 5131 5136 5149 5151
4 5155 5156 5163 5170
4 5172 5174 5178 5197
4 5203 5205 5207 5209
4 5211 5214 5219 5231
4 5235 5236 5239 5244
4 5250 5251 5255 5271
4 5278 5295 5308 5310
4 5324 5325 5330 5332
4 5336 5341 5355 5357
4 5359 5363 5366 5371
4 5375 5378 5380 5383
4 5389 5416 5418 5427
4 5441 5446 5457 5461
4 5462 5467 5474 5476
4 5487 5488 5489 5492
4 5494 5503 5513 5515
4 5517 5518 5526 5529
4 5530 5540 5544 5547
4 5548 5551 5553 5559
4 5563 5570 5574 5579
4 5583 5592 5593 5600
4 5602 5609 5610 5616
4 5622 5625 5627 5633
4 5644 5649 5651 5652
4 5653 5665 5671 5683
4 5686 5705 5710 5713
4 5720 5728 5729 5733
4 5744 5758 5772 5773
4 5776 5777 5785 5791
4 5793 5794 5796 5803
4 5808 5815 5823 5824
4 5835 5839 5845 5849
4 5854 5856 5864 5865
4 5869 5873 5875 5879
4 5886 5891 5898 5899
4 5901 5902 5904 5905
4 5909 5913 5916 5918
4 5919 5920 5931 5941
4 5945 5948 5962 5970
4 5981 5982 5989 5991
4 5998 6010 6012 6016
4 6028 6036 6038 6042
4 6050 6052 6053 6058
4 6060 6076 6102 6107
4 6110 6111 6123 6129
4 6133 6134 6144 6146
4 6147 6149 6152 6155
4 6157 6168 6170 6171
4 6176 6178 6188 6192
4 6193 6196 6198 6202
4 6205 6206 6208 6215
4 6220 6226 6228 6231
4 6240 6252 6255 6256
4 6266 6273 6289 6296
4 6297 6300 6306 6309
4 6312 6313 6316 6320
4 6326 6329 6336 6340
4 6342 6350 6359 6361
4 6363 6364 6365 6366
4 6367 6370 6377 6380
4 6381 6384 6389 6396
4 6404 6410 6415 6419
4 6426 6436 6443 6444
4 6451 6459 6467 6476
4 6477 6481 6483 6490
4 6495 6498 6514 6526
4 6528 6531 6534 6537
4 6540 6547 6550 6557
4 6558 6567 6571 6577
4 6578 6580 6582 6583
4 6584 6585 6602 6605
4 6611 6613 6616 6623
4 6627 6628 6632 6638
4 6639 6640 6645 6651
4 6655 6656 6662 6666
4 6668 6673 6676 6677
4 6680 6685 6702 6703
4 6715 6721 6731 6733
4 6735 6738 6741 6742
4 6747 6752 6756 6757
4 6762 6769 6777 6778
4 6782 6784 6794 6800
4 6823 6827 6839 6842
4 6849 6856 6857 6870
4 6882 6913 6914 6927
4 6932 6935 6938 6956
4 6957 6965 6976 6981
4 6984 6985 6988 6989
4 6994 7003 7008 7013
4 7026 7032 7037 7041
4 7050 7057 7064 7074
4 7079 7083 7088 7090
4 7095 7100 7101 7103
4 7104 7105 7108 7118
4 7119 7130 7135 7136
4 7145 7148 7149 7151
4 7152 7153 7155 7166
4 7168 7175 7178 7196
4 7198 7201 7202 7204
4 7208 7209 7210 7212
4 7215 7218 7219 7230
4 7231 7238 7249 7250
4 7253 7255 7259 7262
4 7267 7278 7286 7290
4 7296 7302 7305 7308
4 7310 7313 7316 7318
4 7319 7326 7330 7344
4 7346 7356 7359 7361
4 7363 7368 7369 7374
4 7375 7382 7385 7391
4 7406 7409 7412 7413
4 7415 7419 7426 7432
4 7436 7439 7443 7444
4 7445 7447 7451 7454
4 7463 7464 7466 7475
4 7489 7494 7499 7512
4 7515 7516 7518 7522
4 7524 7525 7526 7529
4 7530 7534 7536 7540
4 7542 7543 7545 7549
4 7551 7558 7567 7569
4 7577 7579 7583 7592
4 7594 7595 7603 7610
4 7613 7617 7618 7624
4 7629 7643 7647 7648
4 7659 7662 7671 7673
4 7677 7678 7683 7692
4 7696 7699 7700 7703
4 7704 7710 7715 7725
4 7726 7733 7734 7740
4 7748 7752 7756 7757
4 7759 7764 7768 7777
4 7778 7785 7792 7796
4 7814 7818 7819 7821
4 7823 7824 7825 7834
4 7839 7841 7851 7861
4 7862 7863 7870 7875
4 7880 7884 7888 7896
4 7911 7914 7917 7920
4 7922 7923 7927 7934
4 7936 7937 7939 7943
4 7944 7945 7950 7953
4 7954 7961 7972 7978
4 7981 7983 7990 7993
4 8003 8004 8010 8019
4 8026 8032 8035 8036
4 8040 8043 8044 8047
4 8056 8058 8059 8063
4 8079 8081 8094 8101
4 8115 8116 8119 8123
4 8132 8134 8138 8148
4 8150 8152 8153 8161
4 8163 8167 8168 8172
4 8176 8183 8186 8187
4 8189 8193 8197 8198
4 8199 8200 8204 8233
4 8239 8240 8241 8242
4 8247 8250 8253 8258
4 8259 8267 8284 8286
4 8287 8293 8297 8299
4 8305 8320 8322 8325
4 8328 8332 8333 8338
4 8342 8346 8348 8363
4 8367 8375 8376 8384
4 8387 8392 8397 8407
4 8418 8423 8425 8430
4 8431 8432 8434 8437
4 8442 8449 8452 8453
4 8465 8466 8468 8470
4 8477 8478 8479 8485
4 8487 8501 8506 8509
4 8516 8524 8527 8529
4 8537 8548 8553 8563
4 8578 8579 8585 8591
4 8597 8601 8603 8606
4 8607 8608 8609 8612
4 8614 8616 8617 8625
4 8626 8636 8637 8639
4 8641 8644 8648 8650
4 8651 8652 8653 8658
4 8659 8670 8671 8673
4 8677 8679 8683 8684
4 8689 8692 8697 8701
4 8702 8707 8714 8715
4 8721 8722 8733 8736
4 8745 8746 8750 8751
4 8754 8767 8775 8777
4 8779 8785 8803 8811
4 8814 8823 8824 8833
4 8834 8835 8837 8839
4 8845 8849 8851 8854
4 8861 8865 8866 8873
4 8874 8889 8894 8895
4 8898 8907 8911 8915
4 8923 8929 8931 8932
4 8938 8940 8947 8954
4 8956 8964 8967 8990
4 8991 8997 9004 9014
4 9016 9019 9043 9048
4 9063 9072 9078 9092
4 9106 9111 9119 9121
4 9122 9123 9124 9128
4 9129 9131 9135 9143
4 9151 9154 9161 9165
4 9166 9168 9182 9192
4 9196 9197 9213 9214
4 9220 9222 9235 9238
4 9241 9243 9246 9247
4 9250 9252 9256 9263
4 9265 9267 9271 9275
4 9276 9283 9286 9289
4 9295 9302 9305 9307
4 9320 9325 9326 9340
4 9341 9344 9350 9354
4 9359 9361 9363 9365
4 9366 9368 9374 9376
4 9382 9383 9390 9397
4 9407 9414 9419 9425
4 9426 9433 9443 9450
4 9453 9456 9464 9468
4 9471 9483 9487 9490
4 9499 9507 9511 9514
4 9523 9525 9527 9528
4 9529 9530 9532 9539
4 9542 9545 9546 9550
4 9552 9559 9561 9566
4 9568 9569 9572 9576
4 9580 9585 9588 9594
4 9597 9599 9602 9605
4 9612 9614 9618 9620
4 9626 9629 9631 9637
4 9649 9650 9675 9684
4 9689 9690 9691 9695
4 9703 9713 9714 9718
4 9719 9722 9726 9730
4 9732 9741 9746 9747
4 9748 9751 9755 9761
4 9765 9769 9776 9778
4 9779 9784 9795 9797
4 9799 9806 9813 9818
4 9843 9848 9849 9852
4 9853 9856 9864 9866
4 9871 9873 9879 9880
4 9888 9894 9895 9896
4 9900 9906 9907 9908
4 9917 9921 9922 9930
4 9942 9946 9952 9959
4 9961 9962 9965 9966
4 9968 9971 9974 9976
4 9984 9986 9988 1090
4 3749 7770 8712 9429
4 1886 2191 6834 4467
4 4823 5522 5832 7116
4 6466 3985 32 4907
4 947 3075 6649 3188
4 5531 9549 8238 5724
4 9062 7596 512 9802
4 7010 8682 359 9221
4 3339 5556 804 9667
4 7956 7966 4124 6724
4 7689 7480 4704 1822
4 9734 711 9606 2134
4 9091 9183 3564 9828
4 1507 5615 3129 3136
4 6421 149 5896 3011
4 3428 4640 6184 1761
4 2924 45 2277 4016
4 7220 6700 8519 5908
4 9868 7221 7809 4887
4 3811 678 1347 7186
4 7876 1256 2343 6873
4 1100 2148 170 2707
4 4208 7970 8276 6243
4 300 7731 5756 9173
4 6574 6705 2167 0
4 3322 3694 9096 4514
4 3641 313 2024 6446
4 3991 8196 7964 8263
4 6811 6264 8632 5566
4 6160 1382 5451 5584
4 4465 849 5047 9459
4 6248 2198 6203 2467
4 6637 9573 3121 5939
4 611 5164 2278 3724
4 3020 8264 471 8562
4 5277 4335 9978 5954
4 2495 7984 6681 8908
4 6659 6553 4708 6903
4 8517 1047 9752 8752
4 5166 1908 2672 8027
4 4949 6015 2983 9987
4 1157 7386 7975 7424
4 9583 9299 8133 1044
4 6942 9996 6726 4659
4 6596 1199 1174 5657
4 9891 6522 4340 1181
4 1179 9068 5040 8801
4 8711 5947 3681 7425
4 6648 2875 5240 2367
4 1569 5860 3818 9210
4 4992 4215 9328 7727
4 9038 3203 5449 7384
4 1411 3226 3127 708
4 1106 1593 4511 5721
4 6112 3412 6017 433
4 9633 5362 2337 541
4 7509 4790 8143 3517
4 5763 9836 7521 2062
4 5836 6022 5173 6719
4 562 4419 7500 8222
4 5813 4456 3894 2506
4 4286 2702 3031 6246
4 1840 8160 6478 3563
4 9721 514 8210 1668
4 1616 8202 1381 825
4 5536 8828 8696 4206
4 8413 5496 2296 8667
4 355 2025 5157 4052
4 8864 6351 204 2601
4 8863 7555 9486 608
4 8139 6492 5730 968
4 4958 8810 889 1400
4 4359 3105 7877 1751
4 8336 1768 2120 6713
4 3596 465 2329 8006
4 5872 2954 8876 2159
3 6280 4188 9995
3 8977 1012 4742
3 9935 1409 7751
3 6275 9920 6864
3 1535 5198 6051
3 70 3330 2437
3 8031 4092 6263
3 9418 2033 530
3 3972 4943 240
3 9269 919 4858
3 955 5368 8919
3 3004 3809 7633
3 3657 1321 9198
3 6960 3235 1843
3 234 4228 2578
3 4801 131 9716
3 9519 5751 7397
3 9187 5606 2746
3 5082 6576 9028
3 3311 431 3926
3 8454 1640 8089
3 9768 7729 7614
3 8215 270 456
3 2661 1062 7924
3 9600 4000 430
3 4046 6097 1939
3 6698 2604 9767
3 372 2949 2193
3 1330 6964 9699
3 5208 97 9201
3 2786 978 9332
3 1750 7995 8137
3 9446 620 6003
3 6008 500 1744
3 3939 9086 2762
3 1036 6761 2072
3 9584 4534 5191
3 7170 6890 3956
3 1259 439 9538
3 7663 5986 673
3 6161 4301 2632
3 2977 9431 1980
3 8447 9656 6835
3 8180 136 6565
3 8401 4796 885
3 9398 2514 2694
3 3212 1796 2102
3 6824 4798 1519
3 7457 6844 9944
3 7407 7991 1475
3 5245 4221 2772
3 4942 3590 2713
3 8568 3370 5482
3 8383 8822 6352
3 1318 3280 1649
3 8326 2595 24
3 2399 8435 2074
3 8252 183 956
3 1961 6137 9413
3 4104 6809 4502
3 37 4777 8037
3 1279 9075 5752
3 8859 6450 5666
3 5732 86 2207
3 3344 1694 9083
3 7881 4387 4635
3 3060 7895 6197
3 3793 6887 7674
3 9855 4238 6121
3 6463 7800 4839
3 9036 2881 7471
3 5994 2891 2953
3 7461 457 1983
3 7586 6302 1546
3 2297 3822 6972
3 4783 6959 7554
3 3364 7812 8900
3 5168 1538 8314
3 7320 602 6963
3 5897 7362 7410
3 487 7724 8815
3 1755 7357 4358
3 756 458 4595
3 4400 4248 3543
3 9009 9137 335
3 4434 2210 2596
3 4116 2149 4399
3 3141 5024 7206
3 8353 9047 6915
3 8930 7094 3951
3 7387 8093 3052
3 2144 2608 9035
3 4596 2903 6311
3 8766 9094 6471
3 1536 6332 2785
3 392 9114 2028
3 2741 2956 462
3 801 3875 4339
3 6353 221 3021
3 9838 3347 4504
3 2610 9564 6506
3 9578 9215 8486
3 1371 4994 1161
3 6448 7078 2837
3 6818 2892 3651
3 7850 5066 1678
3 7889 9659 2859
3 3789 6127 1688
3 5628 7602 40
3 6925 4069 4736
3 802 5181 6175
3 9709 1453 4982
3 2469 2059 8663
3 725 2412 31
3 6148 6232 5233
3 4877 3887 9820
3 8543 168 9394
3 502 5125 7959
3 6229 4688 1778
3 9651 840 1009
3 2683 4097 6944
3 2685 8028 842
3 5106 4291 9993
3 2307 7694 1426
3 7859 8438 8737
3 6328 739 7632
3 7557 615 325
3 9678 1220 3841
3 7960 1959 8576
3 644 5128 6699
3 78 6725 393
3 5817 9595 8022
3 2169 9223 2101
3 402 343 4488
3 511 9540 9015
3 8426 4549 3012
3 152 639 3318
3 4567 613 4787
3 229 4689 7742
3 2950 7395 9489
3 5631 5959 5719
3 6473 1043 1869
3 5558 8804 68
3 9227 2388 5422
3 5676 5190 34
3 793 8950 7423
3 7971 4031 6034
3 848 4099 8256
3 1080 8643 5882
3 7803 6952 7314
3 4826 1377 6746
3 7532 8097 8903
3 7631 1807 3555
3 3123 4855 3743
3 953 7697 1979
3 4880 2472 2242
3 3679 9957 726
3 7994 6315 1165
3 3903 9892 6225
3 252 6452 5881
3 1270 305 7430
3 5443 7581 1892
3 579 20 4969
3 9887 413 467
3 13 7132 4723
3 5850 3515 640
3 3698 5731 6005
3 2002 1167 4811
3 8629 4047 7176
3 5212 2164 860
3 8398 2137 1590
3 3396 9274 2215
3 76 8571 2669
3 6357 4298 5951
3 9475 2304 7666
3 477 6922 153
3 3509 1502 57
3 4173 9280 6291
3 6674 4750 5863
3 6095 6046 2929
3 740 346 4078
3 6189 5950 3665
3 6563 6479 7496
3 3621 7826 4451
3 4267 3246 2358
3 2629 4679 7951
3 4554 2232 2019
3 3233 5829 2432
3 7713 4155 2898
3 3581 4279 395
3 193 7036 649
3 7906 1369 293
3 1953 2527 1586
3 4246 1549 9337
3 9524 4245 414
3 4922 5146 8212
3 4662 5161 937
3 8206 3146 3449
3 83 949 3761
3 7804 1276 2799
3 8986 9830 6210
3 7252 3902 7565
3 8821 5346 4249
3 8456 9065 5026
3 6740 6104 6544
3 1416 7024 3261
3 2533 1286 4311
3 9526 1084 4747
3 3838 9313 2634
3 1650 5895 4030
3 568 1504 3161
3 868 9234 7194
3 9157 4314 2824
3 6244 1194 2751
3 3482 3504 2531
3 5200 9294 4653
3 554 8675 16
3 4856 6270 9105
3 1516 23 5714
3 7813 2668 8229
3 3431 7653 444
3 3263 4537 3748
3 7197 8498 6630
3 9543 3773 7236
3 3806 1793 2529
3 7743 9333 4767
3 5387 2047 9635
3 9810 3174 1532
3 1032 7490 9692
3 6258 1250 5672
3 982 7018 3911
3 7963 9488 4328
3 3332 4176 2303
3 8965 4501 5401
3 6664 8440 1118
3 1527 1031 9458
3 9496 6294 4398
3 3930 1514 8355
3 8277 7150 1296
3 1452 6920 9958
3 4623 9551 4001
3 675 6612 1201
3 5237 4892 6828
3 9680 8642 4914
3 6245 4841 7559
3 3316 4578 2442
3 8201 8952 1986
3 1891 1606 6693
3 2143 9251 5373
3 5175 2422 499
3 8729 2264 9711
3 5059 4935 5980
3 6569 1618 3880
3 6494 5834 6852
3 6744 2712 8289
3 8727 6822 9260
3 6430 5199 3513
3 2671 9085 3824
3 8179 1027 4713
3 6962 6510 3125
3 8654 225 8067
3 4775 4144 3407
3 9022 8918 9002
3 7761 5043 365
3 4605 9858 4447
3 5641 6093 3099
3 8177 5769 4898
3 459 3747 4164
3 858 7622 115
3 9149 9272 5097
3 2328 4095 8593
3 8235 5400 9655
3 4407 8981 6604
3 7418 7237 30
3 8808 3147 7828
3 3570 8897 7957
3 9181 9624 1951
3 9985 6846 185
3 8567 2402 1058
3 7849 7600 3547
3 6118 1806 123
3 4562 1898 3274
3 6600 2335 8382
3 6130 9611 1132
3 2946 8978 6323
3 1669 4156 2570
3 5098 94 6398
3 2235 3355 1865
3 4482 1978 7190
3 4558 576 6126
3 6727 8756 7721
3 8108 5471 9073
3 7048 8472 6766
3 6590 5831 1110
3 6851 6002 4840
3 6669 7899 5442
3 6472 4694 7247
3 2205 7616 6078
3 1639 7315 8806
3 7085 4325 2046
3 7127 4197 2220
3 2466 4546 6993
3 9771 7273 6090
3 7665 8340 7868
3 8388 8753 9927
3 2240 8393 5077
3 6899 9745 6711
3 7805 4489 1288
3 2591 7634 4804
3 6524 2333 8734
3 6223 473 8372
3 1835 3883 8572
3 9859 3615 1754
3 5019 7329 6304
3 5041 5505 2582
3 896 7693 8129
3 3078 9613 5812
3 9338 3587 5944
3 899 1848 2294
3 1266 1774 2911
3 7460 4564 5323
3 2216 2105 516
3 160 6774 8640
3 1271 5800 3506
3 419 1849 7275
3 3324 143 6990
3 2549 6356 101
3 9603 1192 9877
3 1137 3265 9013
3 4172 6697 9948
3 2730 9003 3884
3 22 1313 1212
3 5189 2234 5460
3 5140 3664 5621
3 6671 6560 5613
3 5702 8573 7815
3 6739 3878 2199
3 6803 8021 2237
3 3933 4746 8996
3 3038 7491 3281
3 2136 4312 7121
3 2754 1086 9134
3 5276 4308 3439
3 7123 8994 5134
3 1653 4217 7686
3 417 5268 6064
3 3402 9261 1699
3 3849 9744 2453
3 2793 8773 5397
3 753 7931 906
3 6063 2781 5171
3 2390 3097 6581
3 9679 3578 558
3 9029 4255 2417
3 9008 1170 4394
3 3873 8411 9230
3 9844 1656 2268
3 6035 1461 6414
3 2852 7510 796
3 6636 2016 9194
3 6595 5523 6831
3 4918 4196 8716
3 5426 550 1488
3 3782 4136 2289
3 5234 1127 4599
3 5598 1480 381
3 5903 6023 4818
3 219 8084 3817
3 6520 159 6096
3 8789 472 2406
3 828 7400 4630
3 7786 8464 7117
3 1624 9901 3491
3 1172 2444 3131
3 6132 8316 8759
3 5246 8049 2951
3 3381 4678 3888
3 2775 6261 7233
3 9759 2621 1093
3 8793 1783 5253
3 6432 4613 8166
3 8539 8618 5770
3 1665 3783 3300
3 2068 7903 8987
3 3262 1867 845
3 3442 893 1814
3 6529 6373 217
3 279 8633 1985
3 2334 3334 3965
3 7309 6227 2731
3 1627 6953 7788
3 133 7684 5736
3 4910 4094 1404
3 6517 9502 1836
3 4932 5586 2987
3 2065 5966 2554
3 1781 7501 3401
3 9575 5391 610
3 4193 2711 3312
3 2750 4088 4479
3 5398 7969 9534
3 6180 3744 4487
3 1801 2281 8165
3 5972 1208 218
3 5577 9535 3721
3 3584 5313 5917
3 1221 7925 7898
3 7675 6586 4894
3 3539 990 3445
3 5132 7110 1899
3 6417 1646 669
3 1184 9660 8665
3 2722 6812 5064
3 1904 7980 3862
3 5104 7388 401
3 9200 651 7371
3 5370 3927 2464
3 9941 8694 2184
3 2376 4544 3216
3 3929 1638 3085
3 4529 3411 9882
3 1716 2326 5599
3 5481 7065 9754
3 7502 7695 89
3 2947 4428 4538
3 3076 3947 5594
3 7672 545 934
3 3124 9846 4981
3 9770 7289 1292
3 8638 2173 1928
3 4628 8525 3017
3 249 9356 8842
3 4669 757 1299
3 7664 8015 7907
3 5345 1130 1935
3 8934 2560 9209
3 7043 771 163
3 292 3521 827
3 2087 144 3807
3 7902 5511 6259
3 8584 6770 6405
3 3424 977 1683
3 8268 9156 207
3 3580 7177 2480
3 7608 2022 2057
3 6958 1120 5122
3 6307 304 4163
3 7096 2567 2463
3 6973 3115 1870
3 894 6068 6497
3 1469 2835 9089
3 6805 7744 2990
3 9140 930 4833
3 9670 8732 6409
3 2050 7134 3313
3 1138 157 8273
3 4882 2011 5429
3 4646 7274 199
3 316 4149 3610
3 1209 4842 8776
3 618 7223 8709
3 241 4553 691
3 6331 9785 288
3 5804 3941 9860
3 7014 7553 8853
3 865 1331 7962
3 5725 3186 8068
3 356 728 2179
3 3353 3893 5514
3 9152 2564 8886
3 8409 3178 6897
3 7216 2227 643
3 3541 4337 7642
3 9179 287 6425
3 8298 4948 7640
3 5192 4392 6541
3 7163 9225 8502
3 7544 9491 6301
3 819 6213 7878
3 1277 862 108
3 3006 2805 2418
3 4789 3753 7298
3 7019 5718 7795
3 6904 5550 4468
3 1958 8534 5663
3 9647 1652 9863
3 6513 1971 1227
3 1574 5254 4355
3 9367 5206 2288
3 4226 1841 616
3 7229 4714 8870
3 7546 5578 5329
3 8645 9100 9406
3 6387 5060 9710
3 5182 784 9172
3 5952 7948 4143
3 5612 3438 867
3 5848 2841 9553
3 9885 9870 9329
3 1495 425 3798
3 3536 186 4634
3 2239 8310 3425
3 5741 6087 2163
3 5825 6629 733
3 5658 1809 9617
3 4598 6796 8141
3 5534 4508 2563
3 9232 7087 8740
3 5424 2577 8941
3 6814 2201 6484
3 1615 1376 5611
3 3712 347 1700
3 7349 1661 5573
3 226 2344 3208
3 1563 4693 378
3 9590 1479 2435
3 8564 348 2689
3 5771 3812 9570
3 769 7556 6620
3 4791 5510 3209
3 7091 9423 2318
3 800 9582 5958
3 9158 7799 9314
3 9862 3917 719
3 6253 128 8103
3 1685 189 8309
3 9876 4290 7434
3 1099 789 4403
3 7441 2152 1403
3 7333 8771 8321
3 6748 9346 6125
3 7365 383 4906
3 4726 4986 9555
3 5409 7541 7580
3 4518 8347 6692
3 4709 3213 8493
3 1494 2586 2451
3 1909 9954 441
3 5316 5183 1788
2 9205 2470
2 349 2012
2 5294 7835
2 4939 958
2 1235 1196
2 6917 7140
2 4211 9819
2 415 8086
2 7459 7758
2 7060 6701
2 8064 633
2 1949 7946
2 1131 1119
2 1868 6457
2 9323 863
2 6456 1188
2 1284 2356
2 8960 2878
2 8379 4996
2 291 5379
2 6279 1180
2 203 5148
2 1799 8686
2 361 9737
2 5343 831
2 3327 3784
2 8282 1679
2 3860 3859
2 2550 8080
2 3949 703
2 1993 2382
2 1230 4
2 8412 1105
2 8875 9372
2 2384 782
2 4621 5410
2 7479 509
2 2035 1732
2 7965 7507
2 1335 388
2 3247 2498
2 6843 935
2 405 5779
2 280 8406
2 1611 7669
2 9999 1818
2 7807 5694
2 693 1323
2 3821 8726
2 2483 4633
2 1133 1074
2 4344 7753
2 200 4675
2 1046 258
2 7251 2324
2 9807 922
2 6407 1135
2 6233 8985
2 4950 4664
2 8955 5051
2 3787 5833
2 227 268
2 4734 6085
2 8784 2579
2 8410 2378
2 5699 4254
2 9663 8970
2 3394 4330
2 9102 2789
2 7307 4632
2 1111 1987
2 4461 8461
2 3292 6635
2 5356 9701
2 2386 318
2 3639 2541
2 7667 1029
2 376 9604
2 9724 983
2 811 2373
2 2942 9742
2 5977 4107
2 3389 2405
2 6500 5844
2 7791 8791
2 4979 2311
2 9636 3386
2 662 8523
2 2086 1553
2 3922 6983
2 5327 741
2 9717 9186
2 5005 9533
2 9557 342
2 2715 7399
2 8731 8602
2 6371 794
2 3199 8164
2 9632 491
2 8491 7322
2 7092 4371
2 9644 6158
2 5177 4425
2 6434 2030
2 2676 3385
2 173 9162
2 2508 3827
2 2410 9148
2 6647 8374
2 1918 4810
2 6420 7992
2 4369 9342
2 3008 7706
2 8725 7627
2 6242 409
2 5413 872
2 2825 4220
2 5266 9773
2 621 1534
2 3756 3866
2 3819 2883
2 8872 1992
2 7820 6254
2 8136 5187
2 5885 7340
2 4273 1554
2 69 9282
2 7069 5073
2 1897 984
2 4978 4435
2 7636 3794
2 3225 1206
2 9977 917
2 4323 6678
2 8857 5210
2 1063 148
2 9609 2747
2 5399 3935
2 1705 1415
2 1045 3799
2 1439 821
2 2934 3267
2 7832 195
2 1969 7228
2 5957 1329
2 7712 4651
2 5643 3466
2 2427 9963
2 3474 652
2 2172 7264
2 5883 7393
2 4032 5979
2 6480 7736
2 7408 4535
2 5470 7093
2 3144 4214
2 7243 8758
2 9327 5840
2 9362 4807
2 3227 2503
2 312 2803
2 8613 2873
2 6234 5265
2 605 5045
2 6499 435
2 901 3058
2 1610 5853
2 1731 4356
2 2884 5167
2 8728 7547
2 7938 7165
2 3620 4103
2 2166 4237
2 7033 6174
2 483 8879
2 437 5361
2 4260 9159
2 508 7276
2 9775 7097
2 8778 6654
2 2330 6675
2 5340 7588
2 179 9787
2 2996 2425
2 3636 8570
2 2500 7172
2 8780 6841
2 5350 6077
2 1654 4372
2 8142 4224
2 8395 4860
2 4758 194
2 987 8535
2 8507 5508
2 7416 7793
2 5745 4822
2 8770 1305
2 9070 6901
2 7915 9011
2 9822 6187
2 1142 303
2 7639 9415
2 118 4577
2 184 3530
2 209 2170
2 9749 3476
2 4890 8311
2 2556 6853
2 111 8144
2 3984 4891
2 4972 8117
2 192 3082
2 9380 8877
2 2769 8786
2 2206 7059
2 4732 7427
2 3879 7789
2 596 8038
2 9264 8224
2 478 9218
2 482 8961
2 7086 1831
2 1614 5557
2 5067 3044
2 7561 9571
2 7942 9931
2 8361 7883
2 729 7578
2 4376 8405
2 1728 8114
2 3777 2520
2 8417 8975
2 3189 5107
2 4175 6141
2 7098 6128
2 5279 9421
2 4285 7856
2 7590 5993
2 6156 1972
2 5747 1517
2 230 5983
2 7075 2771
2 274 9436
2 3717 6411
2 7741 4523
2 121 6902
2 4724 5696
2 8061 9556
2 3727 8272
2 3493 1485
2 2485 2512
2 3716 6614
2 908 5906
2 2808 2974
2 1695 4952
2 2812 4470
2 8135 6308
2 8244 4899
2 781 7847
2 3685 5483
2 5504 156
2 4232 9793
2 1625 8002
2 6559 1496
2 6682 8462
2 7077 1350
2 7187 6937
2 9031 2098
2 4699 7606
2 6177 8530
2 8075 2039
2 7045 8009
2 6833 6720
2 7483 256
2 8542 6429
2 3635 4098
2 4845 5617
2 8698 424
2 8011 5727
2 2272 2110
2 8500 1226
2 4333 1937
2 311 7730
2 9736 833
2 1283 4063
2 8110 8045
2 8561 9126
2 7017 7864
2 2827 8220
2 5304 6545
2 2271 507
2 5213 574
2 1177 8797
2 1749 2532
2 61 5870
2 6428 5533
2 2602 6607
2 3108 6265
2 8880 3059
2 2298 1696
2 4876 8159
2 9357 5938
2 1634 9457
2 9301 1006
2 8556 7550
2 4427 8868
2 428 1513
2 1501 81
2 3307 795
2 2447 3023
2 1917 7068
2 7248 7533
2 9498 4966
2 1171 7404
2 4297 2657
2 5377 5783
2 1753 4913
2 1326 8635
2 1804 866
2 3690 5382
2 6971 682
2 5158 8494
2 9686 2231
2 3053 5262
2 1984 5260
2 4588 5023
2 6026 4980
2 7337 4440
2 4262 7030
2 1703 1166
2 9007 6293
2 5754 1622
2 5907 6075
2 3993 7022
2 959 406
2 7929 5008
2 7367 7833
2 1789 7139
2 6998 903
2 8924 8850
2 6551 4305
2 2252 6539
2 7682 9910
2 8473 8190
2 7138 7711
2 9521 9296
2 538 3469
2 3268 8441
2 803 5480
2 9932 7830
2 7292 3205
2 4770 1275
2 6617 4591
2 7514 2393
2 2900 7453
2 5632 3534
2 5472 7067
2 6098 6237
2 182 2357
2 9823 6021
2 8968 7584
2 1762 5585
2 3846 1307
2 5910 6257
2 3361 3266
2 2310 2583
2 8592 2673
2 8555 6412
2 1932 4923
2 6533 1824
2 1149 668
2 5693 7523
2 4830 1191
2 3286 5281
2 658 6393
2 3416 9548
2 3154 4843
2 4793 4048
2 7102 7129
2 6848 9577
2 4283 4893
2 2645 9044
2 4019 9698
2 6859 7688
2 3705 5926
2 5900 4453
2 603 2138
2 7281 4060
2 3963 6799
2 5010 4851
2 6519 3854
2 9189 9042
2 5640 6643
2 4571 6040
2 8541 3169
2 9311 7985
2 3803 4911
2 9861 8085
2 7000 341
2 2026 2546
2 3591 1612
2 25 2899
2 9411 5430
2 7658 3994
2 5100 3810
2 3611 6454
2 698 6961
2 1190 921
2 8001 452
2 9914 7574
2 224 6222
2 3382 2385
2 2928 2961
2 9297 275
2 1878 1770
2 7071 4236
2 2664 7852
2 6290 5838
2 2280 659
2 3454 9270
2 9204 5809
2 6031 7782
2 3523 238
2 972 6509
2 7890 6195
2 9146 9554
2 582 6119
2 8554 886
2 1302 6334
2 9101 2656
2 3619 3990
2 9972 746
2 5828 319
2 3696 1775
2 6592 54
2 9229 9059
2 2153 8231
2 4009 6923
2 8000 3719
2 5538 526
2 27 8334
2 6862 4691
2 2709 6185
2 468 2662
2 6391 4209
2 8034 9825
2 8118 6199
2 9720 4821
2 999 2980
2 9933 7504
2 1777 1134
2 1873 1316
2 180 2038
2 6283 412
2 4525 7488
2 6516 3413
2 5549 9024
2 3754 7261
2 6772 2525
2 8109 7011
2 6491 5386
2 1667 6850
2 3156 5635
2 5227 3645
2 422 2154
2 4132 7222
2 1880 4581
2 2010 573
2 4556 4705
2 379 8757
2 4034 5014
2 5778 9336
2 6163 5859
2 1237 3843
2 9150 6792
2 9400 4520
2 4252 5257
2 8546 5697
2 5949 8508
2 8318 8098
2 1725 1087
2 1308 4987
2 8344 2758
2 3383 4174
2 1964 911
2 533 7183
2 3201 7005
2 1374 9929
2 5539 5108
2 5619 1664
2 5029 2858
2 986 9833
2 2431 4976
2 8511 6631
2 2706 4062
2 5153 2733
2 9321 7042
2 5466 9164
2 9638 360
2 3546 5406
2 3628 5527
2 5342 4438
2 583 3788
2 1290 7882
